123456
123465 213456
123546 132456
123564 123645 231456 312456
123654 321456
124356
124365 214356
124536 125346 134256 142356
124563 126345 234156 412356
124635 125364 241356 314256
124653 126354 324156 421356
125436 143256
125463 126435 243156 413256
125634 341256
125643 126534 342156 431256
126453 423156
126543 432156
132465 213546
132546
132564 132645 231546 312546
132654 321546
134265 142365 214536 215346
134526 152346
134562 162345 234516 512346
134625 152364 251346 314526
134652 162354 324516 521346
135246 142536
135264 142635 241536 315246
135426 143526 152436 153246
135462 162435 243516 513246
135624 152634 341526 351246
135642 162534 342516 531246
136245 142563 235146 412536
136254 142653 325146 421536
136425 152463 253146 413526
136452 162453 423516 523146
136524 152643 352146 431526
136542 162543 432516 532146
143265 215436
143562 163245 235416 512436
143625 153264 251436 315426
143652 163254 325416 521436
145236
145263 146235 245136 415236
145326 154236
145362 164235 245316 514236
145623 156234 345126 451236
145632 165234 345216 541236
146253 425136
146325 154263 254136 415326
146352 164253 425316 524136
146523 156243 435126 452136
146532 165243 435216 542136
153426
153462 163425 253416 513426
153624 351426
153642 163524 352416 531426
154326
154362 164325 254316 514326
154623 156324 354126 451326
154632 165324 354216 541326
156342 164523 452316 534126
156423 453126
156432 165423 453216 543126
163452 523416
163542 532416
164352 524316
164532 165342 534216 542316
165432 543216
213465
213564 213645 231465 312465
213654 321465
214365
214563 216345 234165 412365
214635 215364 241365 314265
214653 216354 324165 421365
215463 216435 243165 413265
215634 341265
215643 216534 342165 431265
216453 423165
216543 432165
231564 312645
231645 312564
231654 312654 321564 321645
234561 612345
234615 261345 314562 512364
234651 324561 612354 621345
235164 241563 316245 412635
235461 243561 612435 613245
235614 341562 361245 512634
235641 342561 612534 631245
236145 412563
236154 326145 412653 421563
236415 263145 413562 512463
236451 423561 612453 623145
236514 362145 431562 512643
236541 432561 612543 632145
241635 315264
241653 316254 325164 421635
243615 261435 315462 513264
243651 325461 613254 621435
245163 416235
245361 614235
245613 345162 461235 516234
245631 345261 615234 641235
246135 415263
246153 416253 425163 426135
246315 264135 415362 514263
246351 425361 614253 624135
246513 435162 462135 516243
246531 435261 615243 642135
251364 314625
251463 253164 316425 413625
251634 315624 341625 351264
251643 316524 352164 431625
253461 613425
253614 351462 361425 513624
253641 352461 613524 631425
254163 416325
254361 614325
254613 354162 461325 516324
254631 354261 615324 641325
256134 346125 415623 451263
256143 416523 436125 452163
256314 364125 451362 514623
256341 452361 614523 634125
256413 453162 463125 516423
256431 453261 615423 643125
261354 314652 324615 521364
261453 316452 423615 523164
261534 315642 342615 531264
261543 316542 432615 532164
263154 326415 413652 521463
263415 513462
263451 523461 613452 623415
263514 362415 513642 531462
263541 532461 613542 632415
264153 416352 426315 524163
264315 514362
264351 524361 614352 624315
264513 462315 516342 534162
264531 534261 615342 642315
265134 346215 415632 541263
265143 416532 436215 542163
265314 364215 514632 541362
265341 542361 614532 634215
265413 463215 516432 543162
265431 543261 615432 643215
321654
324651 621354
325614 341652 361254 521634
325641 342651 621534 631254
326154 421653
326451 423651 621453 623154
326514 362154 431652 521643
326541 432651 621543 632154
345612 561234
345621 651234
346152 425613 461253 526134
346251 425631 625134 641253
346512 435612 561243 562134
346521 435621 651243 652134
351624
351642 352614 361524 531624
352641 631524
354612 561324
354621 651324
356124 451623
356142 452613 461523 536124
356214 365124 451632 541623
356241 452631 635124 641523
356412 453612 561423 563124
356421 453621 651423 653124
361452 523614
361542 532614
362451 523641 623514 631452
362514 531642
362541 532641 631542 632514
364152 461352 524613 526314
364251 524631 625314 641352
364512 534612 561342 562314
364521 534621 651342 652314
365142 461532 536214 542613
365214 541632
365241 542631 635214 641532
365412 543612 561432 563214
365421 543621 651432 653214
426153
426351 624153
426513 436152 462153 526143
426531 436251 625143 642153
436512 562143
436521 652143
456123
456132 456213 465123 546123
456231 645123
456312 564123
456321 654123
462351 526341 624513 634152
462513 536142
462531 536241 635142 642513
463152 526413
463251 526431 625413 643152
463512 536412 562413 563142
463521 536421 652413 653142
465132 546213
465213 546132
465231 546231 645132 645213
465312 546312 564132 564213
465321 546321 654132 654213
562341 634512
562431 563241 635412 643512
563412
563421 653412
564231 645312
564312
564321 654312
623451
623541 632451
624351
624531 625341 634251 642351
625431 643251
632541
634521 652341
635241 642531
635421 643521 652431 653241
645231
645321 654231
653421
654321
