12345
12354 21345
12435 13245
12453 12534 23145 31245
12543 32145
13254 21435
13425 14235
13452 15234 23415 41235
13524 14253 24135 31425
13542 15243 32415 42135
14325
14352 15324 24315 41325
14523 34125
14532 15423 34215 43125
15342 42315
15432 43215
21354
21453 21534 23154 31254
21543 32154
23451 51234
23514 25134 31452 41253
23541 32451 51243 52134
24153 31524
24351 51324
24513 34152 35124 41523
24531 34251 51423 53124
25143 31542 32514 42153
25314 41352
25341 42351 51342 52314
25413 35214 41532 43152
25431 43251 51432 53214
32541 52143
34512 45123
34521 54123
35142 42513
35241 42531 52413 53142
35412 43512 45132 45213
35421 43521 54132 54213
45231 53412
45312
45321 54312
52341
52431 53241
53421 54231
54321
